0.000000, 0.000000, -0.995929, 0.995929
0.000100, 0.057961, -1.022374, 0.964412
0.000200, 0.114981, -1.043351, 0.928370
0.000300, 0.170153, -1.058636, 0.888484
0.000400, 0.222637, -1.068179, 0.845542
0.000500, 0.271695, -1.072107, 0.800411
0.000600, 0.316712, -1.070714, 0.754002
0.000700, 0.357219, -1.064455, 0.707236
0.000800, 0.392910, -1.053920, 0.661010
0.000900, 0.423648, -1.039813, 0.616166
0.001000, 0.449468, -1.022921, 0.573453
0.001100, 0.470572, -1.004084, 0.533512
0.001200, 0.487318, -0.984162, 0.496844
0.001300, 0.500198, -0.963999, 0.463801
0.001400, 0.509821, -0.944394, 0.434573
0.001500, 0.516879, -0.926069, 0.409189
0.001600, 0.522126, -0.909643, 0.387517
0.001700, 0.526336, -0.895616, 0.369279
0.001800, 0.530280, -0.884344, 0.354064
0.001900, 0.534690, -0.876039, 0.341349
0.002000, 0.540232, -0.870762, 0.330530
0.002100, 0.547486, -0.868426, 0.320940
0.002200, 0.556917, -0.868805, 0.311889
0.002300, 0.568869, -0.871554, 0.302685
0.002400, 0.583552, -0.876220, 0.292668
0.002500, 0.601041, -0.882274, 0.281233
0.002600, 0.621276, -0.889130, 0.267854
0.002700, 0.644074, -0.896174, 0.252101
0.002800, 0.669141, -0.902794, 0.233653
0.002900, 0.696092, -0.908400, 0.212309
0.003000, 0.724468, -0.912453, 0.187985
0.003100, 0.753764, -0.914479, 0.160715
0.003200, 0.783450, -0.914091, 0.130642
0.003300, 0.812995, -0.910996, 0.098001
0.003400, 0.841894, -0.905002, 0.063108
0.003500, 0.869680, -0.896018, 0.026338
0.003600, 0.895950, -0.884055, -0.011895
0.003700, 0.920370, -0.869208, -0.051162
0.003800, 0.942690, -0.851654, -0.091036
0.003900, 0.962743, -0.831628, -0.131115
0.004000, 0.980446, -0.809411, -0.171035
0.004100, 0.995795, -0.785307, -0.210487
0.004200, 1.008854, -0.759628, -0.249226
0.004300, 1.019745, -0.732674, -0.287072
0.004400, 1.028631, -0.704715, -0.323917
0.004500, 1.035699, -0.675981, -0.359718
0.004600, 1.041145, -0.646654, -0.394491
0.004700, 1.045155, -0.616855, -0.428300
0.004800, 1.047891, -0.586649, -0.461242
0.004900, 1.049480, -0.556044, -0.493436
0.005000, 1.050000, -0.525000, -0.525000
0.005100, 1.049480, -0.493436, -0.556044
0.005200, 1.047891, -0.461242, -0.586649
0.005300, 1.045155, -0.428300, -0.616855
0.005400, 1.041145, -0.394491, -0.646654
0.005500, 1.035699, -0.359718, -0.675981
0.005600, 1.028631, -0.323917, -0.704715
0.005700, 1.019745, -0.287072, -0.732674
0.005800, 1.008854, -0.249226, -0.759628
0.005900, 0.995795, -0.210487, -0.785307
0.006000, 0.980446, -0.171035, -0.809411
0.006100, 0.962743, -0.131115, -0.831628
0.006200, 0.942690, -0.091036, -0.851654
0.006300, 0.920370, -0.051162, -0.869208
0.006400, 0.895950, -0.011895, -0.884055
0.006500, 0.869680, 0.026338, -0.896018
0.006600, 0.841894, 0.063108, -0.905002
0.006700, 0.812995, 0.098001, -0.910996
0.006800, 0.783450, 0.130642, -0.914091
0.006900, 0.753764, 0.160715, -0.914479
0.007000, 0.724468, 0.187985, -0.912453
0.007100, 0.696092, 0.212309, -0.908400
0.007200, 0.669141, 0.233653, -0.902794
0.007300, 0.644074, 0.252101, -0.896174
0.007400, 0.621276, 0.267854, -0.889130
0.007500, 0.601041, 0.281233, -0.882274
0.007600, 0.583552, 0.292668, -0.876220
0.007700, 0.568869, 0.302685, -0.871554
0.007800, 0.556917, 0.311889, -0.868805
0.007900, 0.547486, 0.320940, -0.868426
0.008000, 0.540232, 0.330530, -0.870762
0.008100, 0.534690, 0.341349, -0.876039
0.008200, 0.530280, 0.354064, -0.884344
0.008300, 0.526336, 0.369279, -0.895616
0.008400, 0.522126, 0.387517, -0.909643
0.008500, 0.516879, 0.409189, -0.926069
0.008600, 0.509821, 0.434573, -0.944394
0.008700, 0.500198, 0.463801, -0.963999
0.008800, 0.487318, 0.496844, -0.984162
0.008900, 0.470572, 0.533512, -1.004084
0.009000, 0.449468, 0.573453, -1.022921
0.009100, 0.423648, 0.616166, -1.039813
0.009200, 0.392910, 0.661010, -1.053920
0.009300, 0.357219, 0.707236, -1.064455
0.009400, 0.316712, 0.754002, -1.070714
0.009500, 0.271695, 0.800411, -1.072107
0.009600, 0.222637, 0.845542, -1.068179
0.009700, 0.170153, 0.888484, -1.058636
0.009800, 0.114981, 0.928370, -1.043351
0.009900, 0.057961, 0.964412, -1.022374
0.010000, 0.000000, 0.995929, -0.995929
0.010100, -0.057961, 1.022374, -0.964412
0.010200, -0.114981, 1.043351, -0.928370
0.010300, -0.170153, 1.058636, -0.888484
0.010400, -0.222637, 1.068179, -0.845542
0.010500, -0.271695, 1.072107, -0.800411
0.010600, -0.316712, 1.070714, -0.754002
0.010700, -0.357219, 1.064455, -0.707236
0.010800, -0.392910, 1.053920, -0.661010
0.010900, -0.423648, 1.039813, -0.616166
0.011000, -0.449468, 1.022921, -0.573453
0.011100, -0.470572, 1.004084, -0.533512
0.011200, -0.487318, 0.984162, -0.496844
0.011300, -0.500198, 0.963999, -0.463801
0.011400, -0.509821, 0.944394, -0.434573
0.011500, -0.516879, 0.926069, -0.409189
0.011600, -0.522126, 0.909643, -0.387517
0.011700, -0.526336, 0.895616, -0.369279
0.011800, -0.530280, 0.884344, -0.354064
0.011900, -0.534690, 0.876039, -0.341349
0.012000, -0.540232, 0.870762, -0.330530
0.012100, -0.547486, 0.868426, -0.320940
0.012200, -0.556917, 0.868805, -0.311889
0.012300, -0.568869, 0.871554, -0.302685
0.012400, -0.583552, 0.876220, -0.292668
0.012500, -0.601041, 0.882274, -0.281233
0.012600, -0.621276, 0.889130, -0.267854
0.012700, -0.644074, 0.896174, -0.252101
0.012800, -0.669141, 0.902794, -0.233653
0.012900, -0.696092, 0.908400, -0.212309
0.013000, -0.724468, 0.912453, -0.187985
0.013100, -0.753764, 0.914479, -0.160715
0.013200, -0.783450, 0.914091, -0.130642
0.013300, -0.812995, 0.910996, -0.098001
0.013400, -0.841894, 0.905002, -0.063108
0.013500, -0.869680, 0.896018, -0.026338
0.013600, -0.895950, 0.884055, 0.011895
0.013700, -0.920370, 0.869208, 0.051162
0.013800, -0.942690, 0.851654, 0.091036
0.013900, -0.962743, 0.831628, 0.131115
0.014000, -0.980446, 0.809411, 0.171035
0.014100, -0.995795, 0.785307, 0.210487
0.014200, -1.008854, 0.759628, 0.249226
0.014300, -1.019745, 0.732674, 0.287072
0.014400, -1.028631, 0.704715, 0.323917
0.014500, -1.035699, 0.675981, 0.359718
0.014600, -1.041145, 0.646654, 0.394491
0.014700, -1.045155, 0.616855, 0.428300
0.014800, -1.047891, 0.586649, 0.461242
0.014900, -1.049480, 0.556044, 0.493436
0.015000, -1.050000, 0.525000, 0.525000
0.015100, -1.049480, 0.493436, 0.556044
0.015200, -1.047891, 0.461242, 0.586649
0.015300, -1.045155, 0.428300, 0.616855
0.015400, -1.041145, 0.394491, 0.646654
0.015500, -1.035699, 0.359718, 0.675981
0.015600, -1.028631, 0.323917, 0.704715
0.015700, -1.019745, 0.287072, 0.732674
0.015800, -1.008854, 0.249226, 0.759628
0.015900, -0.995795, 0.210487, 0.785307
0.016000, -0.980446, 0.171035, 0.809411
0.016100, -0.962743, 0.131115, 0.831628
0.016200, -0.942690, 0.091036, 0.851654
0.016300, -0.920370, 0.051162, 0.869208
0.016400, -0.895950, 0.011895, 0.884055
0.016500, -0.869680, -0.026338, 0.896018
0.016600, -0.841894, -0.063108, 0.905002
0.016700, -0.812995, -0.098001, 0.910996
0.016800, -0.783450, -0.130642, 0.914091
0.016900, -0.753764, -0.160715, 0.914479
0.017000, -0.724468, -0.187985, 0.912453
0.017100, -0.696092, -0.212309, 0.908400
0.017200, -0.669141, -0.233653, 0.902794
0.017300, -0.644074, -0.252101, 0.896174
0.017400, -0.621276, -0.267854, 0.889130
0.017500, -0.601041, -0.281233, 0.882274
0.017600, -0.583552, -0.292668, 0.876220
0.017700, -0.568869, -0.302685, 0.871554
0.017800, -0.556917, -0.311889, 0.868805
0.017900, -0.547486, -0.320940, 0.868426
0.018000, -0.540232, -0.330530, 0.870762
0.018100, -0.534690, -0.341349, 0.876039
0.018200, -0.530280, -0.354064, 0.884344
0.018300, -0.526336, -0.369279, 0.895616
0.018400, -0.522126, -0.387517, 0.909643
0.018500, -0.516879, -0.409189, 0.926069
0.018600, -0.509821, -0.434573, 0.944394
0.018700, -0.500198, -0.463801, 0.963999
0.018800, -0.487318, -0.496844, 0.984162
0.018900, -0.470572, -0.533512, 1.004084
0.019000, -0.449468, -0.573453, 1.022921
0.019100, -0.423648, -0.616166, 1.039813
0.019200, -0.392910, -0.661010, 1.053920
0.019300, -0.357219, -0.707236, 1.064455
0.019400, -0.316712, -0.754002, 1.070714
0.019500, -0.271695, -0.800411, 1.072107
0.019600, -0.222637, -0.845542, 1.068179
0.019700, -0.170153, -0.888484, 1.058636
0.019800, -0.114981, -0.928370, 1.043351
0.019900, -0.057961, -0.964412, 1.022374
0.020000, -0.000000, -0.995929, 0.995929
0.020100, 0.057961, -1.022374, 0.964412
0.020200, 0.114981, -1.043351, 0.928370
0.020300, 0.170153, -1.058636, 0.888484
0.020400, 0.222637, -1.068179, 0.845542
0.020500, 0.271695, -1.072107, 0.800411
0.020600, 0.316712, -1.070714, 0.754002
0.020700, 0.357219, -1.064455, 0.707236
0.020800, 0.392910, -1.053920, 0.661010
0.020900, 0.423648, -1.039813, 0.616166
0.021000, 0.449468, -1.022921, 0.573453
0.021100, 0.470572, -1.004084, 0.533512
0.021200, 0.487318, -0.984162, 0.496844
0.021300, 0.500198, -0.963999, 0.463801
0.021400, 0.509821, -0.944394, 0.434573
0.021500, 0.516879, -0.926069, 0.409189
0.021600, 0.522126, -0.909643, 0.387517
0.021700, 0.526336, -0.895616, 0.369279
0.021800, 0.530280, -0.884344, 0.354064
0.021900, 0.534690, -0.876039, 0.341349
0.022000, 0.540232, -0.870762, 0.330530
0.022100, 0.547486, -0.868426, 0.320940
0.022200, 0.556917, -0.868805, 0.311889
0.022300, 0.568869, -0.871554, 0.302685
0.022400, 0.583552, -0.876220, 0.292668
0.022500, 0.601041, -0.882274, 0.281233
0.022600, 0.621276, -0.889130, 0.267854
0.022700, 0.644074, -0.896174, 0.252101
0.022800, 0.669141, -0.902794, 0.233653
0.022900, 0.696092, -0.908400, 0.212309
0.023000, 0.724468, -0.912453, 0.187985
0.023100, 0.753764, -0.914479, 0.160715
0.023200, 0.783450, -0.914091, 0.130642
0.023300, 0.812995, -0.910996, 0.098001
0.023400, 0.841894, -0.905002, 0.063108
0.023500, 0.869680, -0.896018, 0.026338
0.023600, 0.895950, -0.884055, -0.011895
0.023700, 0.920370, -0.869208, -0.051162
0.023800, 0.942690, -0.851654, -0.091036
0.023900, 0.962743, -0.831628, -0.131115
0.024000, 0.980446, -0.809411, -0.171035
0.024100, 0.995795, -0.785307, -0.210487
0.024200, 1.008854, -0.759628, -0.249226
0.024300, 1.019745, -0.732674, -0.287072
0.024400, 1.028631, -0.704715, -0.323917
0.024500, 1.035699, -0.675981, -0.359718
0.024600, 1.041145, -0.646654, -0.394491
0.024700, 1.045155, -0.616855, -0.428300
0.024800, 1.047891, -0.586649, -0.461242
0.024900, 1.049480, -0.556044, -0.493436
0.025000, 1.050000, -0.525000, -0.525000
0.025100, 1.049480, -0.493436, -0.556044
0.025200, 1.047891, -0.461242, -0.586649
0.025300, 1.045155, -0.428300, -0.616855
0.025400, 1.041145, -0.394491, -0.646654
0.025500, 1.035699, -0.359718, -0.675981
0.025600, 1.028631, -0.323917, -0.704715
0.025700, 1.019745, -0.287072, -0.732674
0.025800, 1.008854, -0.249226, -0.759628
0.025900, 0.995795, -0.210487, -0.785307
0.026000, 0.980446, -0.171035, -0.809411
0.026100, 0.962743, -0.131115, -0.831628
0.026200, 0.942690, -0.091036, -0.851654
0.026300, 0.920370, -0.051162, -0.869208
0.026400, 0.895950, -0.011895, -0.884055
0.026500, 0.869680, 0.026338, -0.896018
0.026600, 0.841894, 0.063108, -0.905002
0.026700, 0.812995, 0.098001, -0.910996
0.026800, 0.783450, 0.130642, -0.914091
0.026900, 0.753764, 0.160715, -0.914479
0.027000, 0.724468, 0.187985, -0.912453
0.027100, 0.696092, 0.212309, -0.908400
0.027200, 0.669141, 0.233653, -0.902794
0.027300, 0.644074, 0.252101, -0.896174
0.027400, 0.621276, 0.267854, -0.889130
0.027500, 0.601041, 0.281233, -0.882274
0.027600, 0.583552, 0.292668, -0.876220
0.027700, 0.568869, 0.302685, -0.871554
0.027800, 0.556917, 0.311889, -0.868805
0.027900, 0.547486, 0.320940, -0.868426
0.028000, 0.540232, 0.330530, -0.870762
0.028100, 0.534690, 0.341349, -0.876039
0.028200, 0.530280, 0.354064, -0.884344
0.028300, 0.526336, 0.369279, -0.895616
0.028400, 0.522126, 0.387517, -0.909643
0.028500, 0.516879, 0.409189, -0.926069
0.028600, 0.509821, 0.434573, -0.944394
0.028700, 0.500198, 0.463801, -0.963999
0.028800, 0.487318, 0.496844, -0.984162
0.028900, 0.470572, 0.533512, -1.004084
0.029000, 0.449468, 0.573453, -1.022921
0.029100, 0.423648, 0.616166, -1.039813
0.029200, 0.392910, 0.661010, -1.053920
0.029300, 0.357219, 0.707236, -1.064455
0.029400, 0.316712, 0.754002, -1.070714
0.029500, 0.271695, 0.800411, -1.072107
0.029600, 0.222637, 0.845542, -1.068179
0.029700, 0.170153, 0.888484, -1.058636
0.029800, 0.114981, 0.928370, -1.043351
0.029900, 0.057961, 0.964412, -1.022374
0.030000, 0.000000, 0.995929, -0.995929
0.030100, -0.057961, 1.022374, -0.964412
0.030200, -0.114981, 1.043351, -0.928370
0.030300, -0.170153, 1.058636, -0.888484
0.030400, -0.222637, 1.068179, -0.845542
0.030500, -0.271695, 1.072107, -0.800411
0.030600, -0.316712, 1.070714, -0.754002
0.030700, -0.357219, 1.064455, -0.707236
0.030800, -0.392910, 1.053920, -0.661010
0.030900, -0.423648, 1.039813, -0.616166
0.031000, -0.449468, 1.022921, -0.573453
0.031100, -0.470572, 1.004084, -0.533512
0.031200, -0.487318, 0.984162, -0.496844
0.031300, -0.500198, 0.963999, -0.463801
0.031400, -0.509821, 0.944394, -0.434573
0.031500, -0.516879, 0.926069, -0.409189
0.031600, -0.522126, 0.909643, -0.387517
0.031700, -0.526336, 0.895616, -0.369279
0.031800, -0.530280, 0.884344, -0.354064
0.031900, -0.534690, 0.876039, -0.341349
0.032000, -0.540232, 0.870762, -0.330530
0.032100, -0.547486, 0.868426, -0.320940
0.032200, -0.556917, 0.868805, -0.311889
0.032300, -0.568869, 0.871554, -0.302685
0.032400, -0.583552, 0.876220, -0.292668
0.032500, -0.601041, 0.882274, -0.281233
0.032600, -0.621276, 0.889130, -0.267854
0.032700, -0.644074, 0.896174, -0.252101
0.032800, -0.669141, 0.902794, -0.233653
0.032900, -0.696092, 0.908400, -0.212309
0.033000, -0.724468, 0.912453, -0.187985
0.033100, -0.753764, 0.914479, -0.160715
0.033200, -0.783450, 0.914091, -0.130642
0.033300, -0.812995, 0.910996, -0.098001
0.033400, -0.841894, 0.905002, -0.063108
0.033500, -0.869680, 0.896018, -0.026338
0.033600, -0.895950, 0.884055, 0.011895
0.033700, -0.920370, 0.869208, 0.051162
0.033800, -0.942690, 0.851654, 0.091036
0.033900, -0.962743, 0.831628, 0.131115
0.034000, -0.980446, 0.809411, 0.171035
0.034100, -0.995795, 0.785307, 0.210487
0.034200, -1.008854, 0.759628, 0.249226
0.034300, -1.019745, 0.732674, 0.287072
0.034400, -1.028631, 0.704715, 0.323917
0.034500, -1.035699, 0.675981, 0.359718
0.034600, -1.041145, 0.646654, 0.394491
0.034700, -1.045155, 0.616855, 0.428300
0.034800, -1.047891, 0.586649, 0.461242
0.034900, -1.049480, 0.556044, 0.493436
0.035000, -1.050000, 0.525000, 0.525000
0.035100, -1.049480, 0.493436, 0.556044
0.035200, -1.047891, 0.461242, 0.586649
0.035300, -1.045155, 0.428300, 0.616855
0.035400, -1.041145, 0.394491, 0.646654
0.035500, -1.035699, 0.359718, 0.675981
0.035600, -1.028631, 0.323917, 0.704715
0.035700, -1.019745, 0.287072, 0.732674
0.035800, -1.008854, 0.249226, 0.759628
0.035900, -0.995795, 0.210487, 0.785307
0.036000, -0.980446, 0.171035, 0.809411
0.036100, -0.962743, 0.131115, 0.831628
0.036200, -0.942690, 0.091036, 0.851654
0.036300, -0.920370, 0.051162, 0.869208
0.036400, -0.895950, 0.011895, 0.884055
0.036500, -0.869680, -0.026338, 0.896018
0.036600, -0.841894, -0.063108, 0.905002
0.036700, -0.812995, -0.098001, 0.910996
0.036800, -0.783450, -0.130642, 0.914091
0.036900, -0.753764, -0.160715, 0.914479
0.037000, -0.724468, -0.187985, 0.912453
0.037100, -0.696092, -0.212309, 0.908400
0.037200, -0.669141, -0.233653, 0.902794
0.037300, -0.644074, -0.252101, 0.896174
0.037400, -0.621276, -0.267854, 0.889130
0.037500, -0.601041, -0.281233, 0.882274
0.037600, -0.583552, -0.292668, 0.876220
0.037700, -0.568869, -0.302685, 0.871554
0.037800, -0.556917, -0.311889, 0.868805
0.037900, -0.547486, -0.320940, 0.868426
0.038000, -0.540232, -0.330530, 0.870762
0.038100, -0.534690, -0.341349, 0.876039
0.038200, -0.530280, -0.354064, 0.884344
0.038300, -0.526336, -0.369279, 0.895616
0.038400, -0.522126, -0.387517, 0.909643
0.038500, -0.516879, -0.409189, 0.926069
0.038600, -0.509821, -0.434573, 0.944394
0.038700, -0.500198, -0.463801, 0.963999
0.038800, -0.487318, -0.496844, 0.984162
0.038900, -0.470572, -0.533512, 1.004084
0.039000, -0.449468, -0.573453, 1.022921
0.039100, -0.423648, -0.616166, 1.039813
0.039200, -0.392910, -0.661010, 1.053920
0.039300, -0.357219, -0.707236, 1.064455
0.039400, -0.316712, -0.754002, 1.070714
0.039500, -0.271695, -0.800411, 1.072107
0.039600, -0.222637, -0.845542, 1.068179
0.039700, -0.170153, -0.888484, 1.058636
0.039800, -0.114981, -0.928370, 1.043351
0.039900, -0.057961, -0.964412, 1.022374
0.040000, -0.000000, -0.995929, 0.995929
0.040100, 0.057961, -1.022374, 0.964412
0.040200, 0.114981, -1.043351, 0.928370
0.040300, 0.170153, -1.058636, 0.888484
0.040400, 0.222637, -1.068179, 0.845542
0.040500, 0.271695, -1.072107, 0.800411
0.040600, 0.316712, -1.070714, 0.754002
0.040700, 0.357219, -1.064455, 0.707236
0.040800, 0.392910, -1.053920, 0.661010
0.040900, 0.423648, -1.039813, 0.616166
0.041000, 0.449468, -1.022921, 0.573453
0.041100, 0.470572, -1.004084, 0.533512
0.041200, 0.487318, -0.984162, 0.496844
0.041300, 0.500198, -0.963999, 0.463801
0.041400, 0.509821, -0.944394, 0.434573
0.041500, 0.516879, -0.926069, 0.409189
0.041600, 0.522126, -0.909643, 0.387517
0.041700, 0.526336, -0.895616, 0.369279
0.041800, 0.530280, -0.884344, 0.354064
0.041900, 0.534690, -0.876039, 0.341349
0.042000, 0.540232, -0.870762, 0.330530
0.042100, 0.547486, -0.868426, 0.320940
0.042200, 0.556917, -0.868805, 0.311889
0.042300, 0.568869, -0.871554, 0.302685
0.042400, 0.583552, -0.876220, 0.292668
0.042500, 0.601041, -0.882274, 0.281233
0.042600, 0.621276, -0.889130, 0.267854
0.042700, 0.644074, -0.896174, 0.252101
0.042800, 0.669141, -0.902794, 0.233653
0.042900, 0.696092, -0.908400, 0.212309
0.043000, 0.724468, -0.912453, 0.187985
0.043100, 0.753764, -0.914479, 0.160715
0.043200, 0.783450, -0.914091, 0.130642
0.043300, 0.812995, -0.910996, 0.098001
0.043400, 0.841894, -0.905002, 0.063108
0.043500, 0.869680, -0.896018, 0.026338
0.043600, 0.895950, -0.884055, -0.011895
0.043700, 0.920370, -0.869208, -0.051162
0.043800, 0.942690, -0.851654, -0.091036
0.043900, 0.962743, -0.831628, -0.131115
0.044000, 0.980446, -0.809411, -0.171035
0.044100, 0.995795, -0.785307, -0.210487
0.044200, 1.008854, -0.759628, -0.249226
0.044300, 1.019745, -0.732674, -0.287072
0.044400, 1.028631, -0.704715, -0.323917
0.044500, 1.035699, -0.675981, -0.359718
0.044600, 1.041145, -0.646654, -0.394491
0.044700, 1.045155, -0.616855, -0.428300
0.044800, 1.047891, -0.586649, -0.461242
0.044900, 1.049480, -0.556044, -0.493436
0.045000, 1.050000, -0.525000, -0.525000
0.045100, 1.049480, -0.493436, -0.556044
0.045200, 1.047891, -0.461242, -0.586649
0.045300, 1.045155, -0.428300, -0.616855
0.045400, 1.041145, -0.394491, -0.646654
0.045500, 1.035699, -0.359718, -0.675981
0.045600, 1.028631, -0.323917, -0.704715
0.045700, 1.019745, -0.287072, -0.732674
0.045800, 1.008854, -0.249226, -0.759628
0.045900, 0.995795, -0.210487, -0.785307
0.046000, 0.980446, -0.171035, -0.809411
0.046100, 0.962743, -0.131115, -0.831628
0.046200, 0.942690, -0.091036, -0.851654
0.046300, 0.920370, -0.051162, -0.869208
0.046400, 0.895950, -0.011895, -0.884055
0.046500, 0.869680, 0.026338, -0.896018
0.046600, 0.841894, 0.063108, -0.905002
0.046700, 0.812995, 0.098001, -0.910996
0.046800, 0.783450, 0.130642, -0.914091
0.046900, 0.753764, 0.160715, -0.914479
0.047000, 0.724468, 0.187985, -0.912453
0.047100, 0.696092, 0.212309, -0.908400
0.047200, 0.669141, 0.233653, -0.902794
0.047300, 0.644074, 0.252101, -0.896174
0.047400, 0.621276, 0.267854, -0.889130
0.047500, 0.601041, 0.281233, -0.882274
0.047600, 0.583552, 0.292668, -0.876220
0.047700, 0.568869, 0.302685, -0.871554
0.047800, 0.556917, 0.311889, -0.868805
0.047900, 0.547486, 0.320940, -0.868426
0.048000, 0.540232, 0.330530, -0.870762
0.048100, 0.534690, 0.341349, -0.876039
0.048200, 0.530280, 0.354064, -0.884344
0.048300, 0.526336, 0.369279, -0.895616
0.048400, 0.522126, 0.387517, -0.909643
0.048500, 0.516879, 0.409189, -0.926069
0.048600, 0.509821, 0.434573, -0.944394
0.048700, 0.500198, 0.463801, -0.963999
0.048800, 0.487318, 0.496844, -0.984162
0.048900, 0.470572, 0.533512, -1.004084
0.049000, 0.449468, 0.573453, -1.022921
0.049100, 0.423648, 0.616166, -1.039813
0.049200, 0.392910, 0.661010, -1.053920
0.049300, 0.357219, 0.707236, -1.064455
0.049400, 0.316712, 0.754002, -1.070714
0.049500, 0.271695, 0.800411, -1.072107
0.049600, 0.222637, 0.845542, -1.068179
0.049700, 0.170153, 0.888484, -1.058636
0.049800, 0.114981, 0.928370, -1.043351
0.049900, 0.057961, 0.964412, -1.022374
0.050000, -0.000000, 0.995929, -0.995929
0.050100, -0.057961, 1.022374, -0.964412
0.050200, -0.114981, 1.043351, -0.928370
0.050300, -0.170153, 1.058636, -0.888484
0.050400, -0.222637, 1.068179, -0.845542
0.050500, -0.271695, 1.072107, -0.800411
0.050600, -0.316712, 1.070714, -0.754002
0.050700, -0.357219, 1.064455, -0.707236
0.050800, -0.392910, 1.053920, -0.661010
0.050900, -0.423648, 1.039813, -0.616166
0.051000, -0.449468, 1.022921, -0.573453
0.051100, -0.470572, 1.004084, -0.533512
0.051200, -0.487318, 0.984162, -0.496844
0.051300, -0.500198, 0.963999, -0.463801
0.051400, -0.509821, 0.944394, -0.434573
0.051500, -0.516879, 0.926069, -0.409189
0.051600, -0.522126, 0.909643, -0.387517
0.051700, -0.526336, 0.895616, -0.369279
0.051800, -0.530280, 0.884344, -0.354064
0.051900, -0.534690, 0.876039, -0.341349
0.052000, -0.540232, 0.870762, -0.330530
0.052100, -0.547486, 0.868426, -0.320940
0.052200, -0.556917, 0.868805, -0.311889
0.052300, -0.568869, 0.871554, -0.302685
0.052400, -0.583552, 0.876220, -0.292668
0.052500, -0.601041, 0.882274, -0.281233
0.052600, -0.621276, 0.889130, -0.267854
0.052700, -0.644074, 0.896174, -0.252101
0.052800, -0.669141, 0.902794, -0.233653
0.052900, -0.696092, 0.908400, -0.212309
0.053000, -0.724468, 0.912453, -0.187985
0.053100, -0.753764, 0.914479, -0.160715
0.053200, -0.783450, 0.914091, -0.130642
0.053300, -0.812995, 0.910996, -0.098001
0.053400, -0.841894, 0.905002, -0.063108
0.053500, -0.869680, 0.896018, -0.026338
0.053600, -0.895950, 0.884055, 0.011895
0.053700, -0.920370, 0.869208, 0.051162
0.053800, -0.942690, 0.851654, 0.091036
0.053900, -0.962743, 0.831628, 0.131115
0.054000, -0.980446, 0.809411, 0.171035
0.054100, -0.995795, 0.785307, 0.210487
0.054200, -1.008854, 0.759628, 0.249226
0.054300, -1.019745, 0.732674, 0.287072
0.054400, -1.028631, 0.704715, 0.323917
0.054500, -1.035699, 0.675981, 0.359718
0.054600, -1.041145, 0.646654, 0.394491
0.054700, -1.045155, 0.616855, 0.428300
0.054800, -1.047891, 0.586649, 0.461242
0.054900, -1.049480, 0.556044, 0.493436
0.055000, -1.050000, 0.525000, 0.525000
0.055100, -1.049480, 0.493436, 0.556044
0.055200, -1.047891, 0.461242, 0.586649
0.055300, -1.045155, 0.428300, 0.616855
0.055400, -1.041145, 0.394491, 0.646654
0.055500, -1.035699, 0.359718, 0.675981
0.055600, -1.028631, 0.323917, 0.704715
0.055700, -1.019745, 0.287072, 0.732674
0.055800, -1.008854, 0.249226, 0.759628
0.055900, -0.995795, 0.210487, 0.785307
0.056000, -0.980446, 0.171035, 0.809411
0.056100, -0.962743, 0.131115, 0.831628
0.056200, -0.942690, 0.091036, 0.851654
0.056300, -0.920370, 0.051162, 0.869208
0.056400, -0.895950, 0.011895, 0.884055
0.056500, -0.869680, -0.026338, 0.896018
0.056600, -0.841894, -0.063108, 0.905002
0.056700, -0.812995, -0.098001, 0.910996
0.056800, -0.783450, -0.130642, 0.914091
0.056900, -0.753764, -0.160715, 0.914479
0.057000, -0.724468, -0.187985, 0.912453
0.057100, -0.696092, -0.212309, 0.908400
0.057200, -0.669141, -0.233653, 0.902794
0.057300, -0.644074, -0.252101, 0.896174
0.057400, -0.621276, -0.267854, 0.889130
0.057500, -0.601041, -0.281233, 0.882274
0.057600, -0.583552, -0.292668, 0.876220
0.057700, -0.568869, -0.302685, 0.871554
0.057800, -0.556917, -0.311889, 0.868805
0.057900, -0.547486, -0.320940, 0.868426
0.058000, -0.540232, -0.330530, 0.870762
0.058100, -0.534690, -0.341349, 0.876039
0.058200, -0.530280, -0.354064, 0.884344
0.058300, -0.526336, -0.369279, 0.895616
0.058400, -0.522126, -0.387517, 0.909643
0.058500, -0.516879, -0.409189, 0.926069
0.058600, -0.509821, -0.434573, 0.944394
0.058700, -0.500198, -0.463801, 0.963999
0.058800, -0.487318, -0.496844, 0.984162
0.058900, -0.470572, -0.533512, 1.004084
0.059000, -0.449468, -0.573453, 1.022921
0.059100, -0.423648, -0.616166, 1.039813
0.059200, -0.392910, -0.661010, 1.053920
0.059300, -0.357219, -0.707236, 1.064455
0.059400, -0.316712, -0.754002, 1.070714
0.059500, -0.271695, -0.800411, 1.072107
0.059600, -0.222637, -0.845542, 1.068179
0.059700, -0.170153, -0.888484, 1.058636
0.059800, -0.114981, -0.928370, 1.043351
0.059900, -0.057961, -0.964412, 1.022374
0.060000, -0.000000, -0.995929, 0.995929
0.060100, 0.057961, -1.022374, 0.964412
0.060200, 0.114981, -1.043351, 0.928370
0.060300, 0.170153, -1.058636, 0.888484
0.060400, 0.222637, -1.068179, 0.845542
0.060500, 0.271695, -1.072107, 0.800411
0.060600, 0.316712, -1.070714, 0.754002
0.060700, 0.357219, -1.064455, 0.707236
0.060800, 0.392910, -1.053920, 0.661010
0.060900, 0.423648, -1.039813, 0.616166
0.061000, 0.449468, -1.022921, 0.573453
0.061100, 0.470572, -1.004084, 0.533512
0.061200, 0.487318, -0.984162, 0.496844
0.061300, 0.500198, -0.963999, 0.463801
0.061400, 0.509821, -0.944394, 0.434573
0.061500, 0.516879, -0.926069, 0.409189
0.061600, 0.522126, -0.909643, 0.387517
0.061700, 0.526336, -0.895616, 0.369279
0.061800, 0.530280, -0.884344, 0.354064
0.061900, 0.534690, -0.876039, 0.341349
0.062000, 0.540232, -0.870762, 0.330530
0.062100, 0.547486, -0.868426, 0.320940
0.062200, 0.556917, -0.868805, 0.311889
0.062300, 0.568869, -0.871554, 0.302685
0.062400, 0.583552, -0.876220, 0.292668
0.062500, 0.601041, -0.882274, 0.281233
0.062600, 0.621276, -0.889130, 0.267854
0.062700, 0.644074, -0.896174, 0.252101
0.062800, 0.669141, -0.902794, 0.233653
0.062900, 0.696092, -0.908400, 0.212309
0.063000, 0.724468, -0.912453, 0.187985
0.063100, 0.753764, -0.914479, 0.160715
0.063200, 0.783450, -0.914091, 0.130642
0.063300, 0.812995, -0.910996, 0.098001
0.063400, 0.841894, -0.905002, 0.063108
0.063500, 0.869680, -0.896018, 0.026338
0.063600, 0.895950, -0.884055, -0.011895
0.063700, 0.920370, -0.869208, -0.051162
0.063800, 0.942690, -0.851654, -0.091036
0.063900, 0.962743, -0.831628, -0.131115
0.064000, 0.980446, -0.809411, -0.171035
0.064100, 0.995795, -0.785307, -0.210487
0.064200, 1.008854, -0.759628, -0.249226
0.064300, 1.019745, -0.732674, -0.287072
0.064400, 1.028631, -0.704715, -0.323917
0.064500, 1.035699, -0.675981, -0.359718
0.064600, 1.041145, -0.646654, -0.394491
0.064700, 1.045155, -0.616855, -0.428300
0.064800, 1.047891, -0.586649, -0.461242
0.064900, 1.049480, -0.556044, -0.493436
0.065000, 1.050000, -0.525000, -0.525000
0.065100, 1.049480, -0.493436, -0.556044
0.065200, 1.047891, -0.461242, -0.586649
0.065300, 1.045155, -0.428300, -0.616855
0.065400, 1.041145, -0.394491, -0.646654
0.065500, 1.035699, -0.359718, -0.675981
0.065600, 1.028631, -0.323917, -0.704715
0.065700, 1.019745, -0.287072, -0.732674
0.065800, 1.008854, -0.249226, -0.759628
0.065900, 0.995795, -0.210487, -0.785307
0.066000, 0.980446, -0.171035, -0.809411
0.066100, 0.962743, -0.131115, -0.831628
0.066200, 0.942690, -0.091036, -0.851654
0.066300, 0.920370, -0.051162, -0.869208
0.066400, 0.895950, -0.011895, -0.884055
0.066500, 0.869680, 0.026338, -0.896018
0.066600, 0.841894, 0.063108, -0.905002
0.066700, 0.812995, 0.098001, -0.910996
0.066800, 0.783450, 0.130642, -0.914091
0.066900, 0.753764, 0.160715, -0.914479
0.067000, 0.724468, 0.187985, -0.912453
0.067100, 0.696092, 0.212309, -0.908400
0.067200, 0.669141, 0.233653, -0.902794
0.067300, 0.644074, 0.252101, -0.896174
0.067400, 0.621276, 0.267854, -0.889130
0.067500, 0.601041, 0.281233, -0.882274
0.067600, 0.583552, 0.292668, -0.876220
0.067700, 0.568869, 0.302685, -0.871554
0.067800, 0.556917, 0.311889, -0.868805
0.067900, 0.547486, 0.320940, -0.868426
0.068000, 0.540232, 0.330530, -0.870762
0.068100, 0.534690, 0.341349, -0.876039
0.068200, 0.530280, 0.354064, -0.884344
0.068300, 0.526336, 0.369279, -0.895616
0.068400, 0.522126, 0.387517, -0.909643
0.068500, 0.516879, 0.409189, -0.926069
0.068600, 0.509821, 0.434573, -0.944394
0.068700, 0.500198, 0.463801, -0.963999
0.068800, 0.487318, 0.496844, -0.984162
0.068900, 0.470572, 0.533512, -1.004084
0.069000, 0.449468, 0.573453, -1.022921
0.069100, 0.423648, 0.616166, -1.039813
0.069200, 0.392910, 0.661010, -1.053920
0.069300, 0.357219, 0.707236, -1.064455
0.069400, 0.316712, 0.754002, -1.070714
0.069500, 0.271695, 0.800411, -1.072107
0.069600, 0.222637, 0.845542, -1.068179
0.069700, 0.170153, 0.888484, -1.058636
0.069800, 0.114981, 0.928370, -1.043351
0.069900, 0.057961, 0.964412, -1.022374
0.070000, -0.000000, 0.995929, -0.995929
0.070100, -0.057961, 1.022374, -0.964412
0.070200, -0.114981, 1.043351, -0.928370
0.070300, -0.170153, 1.058636, -0.888484
0.070400, -0.222637, 1.068179, -0.845542
0.070500, -0.271695, 1.072107, -0.800411
0.070600, -0.316712, 1.070714, -0.754002
0.070700, -0.357219, 1.064455, -0.707236
0.070800, -0.392910, 1.053920, -0.661010
0.070900, -0.423648, 1.039813, -0.616166
0.071000, -0.449468, 1.022921, -0.573453
0.071100, -0.470572, 1.004084, -0.533512
0.071200, -0.487318, 0.984162, -0.496844
0.071300, -0.500198, 0.963999, -0.463801
0.071400, -0.509821, 0.944394, -0.434573
0.071500, -0.516879, 0.926069, -0.409189
0.071600, -0.522126, 0.909643, -0.387517
0.071700, -0.526336, 0.895616, -0.369279
0.071800, -0.530280, 0.884344, -0.354064
0.071900, -0.534690, 0.876039, -0.341349
0.072000, -0.540232, 0.870762, -0.330530
0.072100, -0.547486, 0.868426, -0.320940
0.072200, -0.556917, 0.868805, -0.311889
0.072300, -0.568869, 0.871554, -0.302685
0.072400, -0.583552, 0.876220, -0.292668
0.072500, -0.601041, 0.882274, -0.281233
0.072600, -0.621276, 0.889130, -0.267854
0.072700, -0.644074, 0.896174, -0.252101
0.072800, -0.669141, 0.902794, -0.233653
0.072900, -0.696092, 0.908400, -0.212309
0.073000, -0.724468, 0.912453, -0.187985
0.073100, -0.753764, 0.914479, -0.160715
0.073200, -0.783450, 0.914091, -0.130642
0.073300, -0.812995, 0.910996, -0.098001
0.073400, -0.841894, 0.905002, -0.063108
0.073500, -0.869680, 0.896018, -0.026338
0.073600, -0.895950, 0.884055, 0.011895
0.073700, -0.920370, 0.869208, 0.051162
0.073800, -0.942690, 0.851654, 0.091036
0.073900, -0.962743, 0.831628, 0.131115
0.074000, -0.980446, 0.809411, 0.171035
0.074100, -0.995795, 0.785307, 0.210487
0.074200, -1.008854, 0.759628, 0.249226
0.074300, -1.019745, 0.732674, 0.287072
0.074400, -1.028631, 0.704715, 0.323917
0.074500, -1.035699, 0.675981, 0.359718
0.074600, -1.041145, 0.646654, 0.394491
0.074700, -1.045155, 0.616855, 0.428300
0.074800, -1.047891, 0.586649, 0.461242
0.074900, -1.049480, 0.556044, 0.493436
0.075000, -1.050000, 0.525000, 0.525000
0.075100, -1.049480, 0.493436, 0.556044
0.075200, -1.047891, 0.461242, 0.586649
0.075300, -1.045155, 0.428300, 0.616855
0.075400, -1.041145, 0.394491, 0.646654
0.075500, -1.035699, 0.359718, 0.675981
0.075600, -1.028631, 0.323917, 0.704715
0.075700, -1.019745, 0.287072, 0.732674
0.075800, -1.008854, 0.249226, 0.759628
0.075900, -0.995795, 0.210487, 0.785307
0.076000, -0.980446, 0.171035, 0.809411
0.076100, -0.962743, 0.131115, 0.831628
0.076200, -0.942690, 0.091036, 0.851654
0.076300, -0.920370, 0.051162, 0.869208
0.076400, -0.895950, 0.011895, 0.884055
0.076500, -0.869680, -0.026338, 0.896018
0.076600, -0.841894, -0.063108, 0.905002
0.076700, -0.812995, -0.098001, 0.910996
0.076800, -0.783450, -0.130642, 0.914091
0.076900, -0.753764, -0.160715, 0.914479
0.077000, -0.724468, -0.187985, 0.912453
0.077100, -0.696092, -0.212309, 0.908400
0.077200, -0.669141, -0.233653, 0.902794
0.077300, -0.644074, -0.252101, 0.896174
0.077400, -0.621276, -0.267854, 0.889130
0.077500, -0.601041, -0.281233, 0.882274
0.077600, -0.583552, -0.292668, 0.876220
0.077700, -0.568869, -0.302685, 0.871554
0.077800, -0.556917, -0.311889, 0.868805
0.077900, -0.547486, -0.320940, 0.868426
0.078000, -0.540232, -0.330530, 0.870762
0.078100, -0.534690, -0.341349, 0.876039
0.078200, -0.530280, -0.354064, 0.884344
0.078300, -0.526336, -0.369279, 0.895616
0.078400, -0.522126, -0.387517, 0.909643
0.078500, -0.516879, -0.409189, 0.926069
0.078600, -0.509821, -0.434573, 0.944394
0.078700, -0.500198, -0.463801, 0.963999
0.078800, -0.487318, -0.496844, 0.984162
0.078900, -0.470572, -0.533512, 1.004084
0.079000, -0.449468, -0.573453, 1.022921
0.079100, -0.423648, -0.616166, 1.039813
0.079200, -0.392910, -0.661010, 1.053920
0.079300, -0.357219, -0.707236, 1.064455
0.079400, -0.316712, -0.754002, 1.070714
0.079500, -0.271695, -0.800411, 1.072107
0.079600, -0.222637, -0.845542, 1.068179
0.079700, -0.170153, -0.888484, 1.058636
0.079800, -0.114981, -0.928370, 1.043351
0.079900, -0.057961, -0.964412, 1.022374
0.080000, -0.000000, -0.995929, 0.995929
0.080100, 0.057961, -1.022374, 0.964412
0.080200, 0.114981, -1.043351, 0.928370
0.080300, 0.170153, -1.058636, 0.888484
0.080400, 0.222637, -1.068179, 0.845542
0.080500, 0.271695, -1.072107, 0.800411
0.080600, 0.316712, -1.070714, 0.754002
0.080700, 0.357219, -1.064455, 0.707236
0.080800, 0.392910, -1.053920, 0.661010
0.080900, 0.423648, -1.039813, 0.616166
0.081000, 0.449468, -1.022921, 0.573453
0.081100, 0.470572, -1.004084, 0.533512
0.081200, 0.487318, -0.984162, 0.496844
0.081300, 0.500198, -0.963999, 0.463801
0.081400, 0.509821, -0.944394, 0.434573
0.081500, 0.516879, -0.926069, 0.409189
0.081600, 0.522126, -0.909643, 0.387517
0.081700, 0.526336, -0.895616, 0.369279
0.081800, 0.530280, -0.884344, 0.354064
0.081900, 0.534690, -0.876039, 0.341349
0.082000, 0.540232, -0.870762, 0.330530
0.082100, 0.547486, -0.868426, 0.320940
0.082200, 0.556917, -0.868805, 0.311889
0.082300, 0.568869, -0.871554, 0.302685
0.082400, 0.583552, -0.876220, 0.292668
0.082500, 0.601041, -0.882274, 0.281233
0.082600, 0.621276, -0.889130, 0.267854
0.082700, 0.644074, -0.896174, 0.252101
0.082800, 0.669141, -0.902794, 0.233653
0.082900, 0.696092, -0.908400, 0.212309
0.083000, 0.724468, -0.912453, 0.187985
0.083100, 0.753764, -0.914479, 0.160715
0.083200, 0.783450, -0.914091, 0.130642
0.083300, 0.812995, -0.910996, 0.098001
0.083400, 0.841894, -0.905002, 0.063108
0.083500, 0.869680, -0.896018, 0.026338
0.083600, 0.895950, -0.884055, -0.011895
0.083700, 0.920370, -0.869208, -0.051162
0.083800, 0.942690, -0.851654, -0.091036
0.083900, 0.962743, -0.831628, -0.131115
0.084000, 0.980446, -0.809411, -0.171035
0.084100, 0.995795, -0.785307, -0.210487
0.084200, 1.008854, -0.759628, -0.249226
0.084300, 1.019745, -0.732674, -0.287072
0.084400, 1.028631, -0.704715, -0.323917
0.084500, 1.035699, -0.675981, -0.359718
0.084600, 1.041145, -0.646654, -0.394491
0.084700, 1.045155, -0.616855, -0.428300
0.084800, 1.047891, -0.586649, -0.461242
0.084900, 1.049480, -0.556044, -0.493436
0.085000, 1.050000, -0.525000, -0.525000
0.085100, 1.049480, -0.493436, -0.556044
0.085200, 1.047891, -0.461242, -0.586649
0.085300, 1.045155, -0.428300, -0.616855
0.085400, 1.041145, -0.394491, -0.646654
0.085500, 1.035699, -0.359718, -0.675981
0.085600, 1.028631, -0.323917, -0.704715
0.085700, 1.019745, -0.287072, -0.732674
0.085800, 1.008854, -0.249226, -0.759628
0.085900, 0.995795, -0.210487, -0.785307
0.086000, 0.980446, -0.171035, -0.809411
0.086100, 0.962743, -0.131115, -0.831628
0.086200, 0.942690, -0.091036, -0.851654
0.086300, 0.920370, -0.051162, -0.869208
0.086400, 0.895950, -0.011895, -0.884055
0.086500, 0.869680, 0.026338, -0.896018
0.086600, 0.841894, 0.063108, -0.905002
0.086700, 0.812995, 0.098001, -0.910996
0.086800, 0.783450, 0.130642, -0.914091
0.086900, 0.753764, 0.160715, -0.914479
0.087000, 0.724468, 0.187985, -0.912453
0.087100, 0.696092, 0.212309, -0.908400
0.087200, 0.669141, 0.233653, -0.902794
0.087300, 0.644074, 0.252101, -0.896174
0.087400, 0.621276, 0.267854, -0.889130
0.087500, 0.601041, 0.281233, -0.882274
0.087600, 0.583552, 0.292668, -0.876220
0.087700, 0.568869, 0.302685, -0.871554
0.087800, 0.556917, 0.311889, -0.868805
0.087900, 0.547486, 0.320940, -0.868426
0.088000, 0.540232, 0.330530, -0.870762
0.088100, 0.534690, 0.341349, -0.876039
0.088200, 0.530280, 0.354064, -0.884344
0.088300, 0.526336, 0.369279, -0.895616
0.088400, 0.522126, 0.387517, -0.909643
0.088500, 0.516879, 0.409189, -0.926069
0.088600, 0.509821, 0.434573, -0.944394
0.088700, 0.500198, 0.463801, -0.963999
0.088800, 0.487318, 0.496844, -0.984162
0.088900, 0.470572, 0.533512, -1.004084
0.089000, 0.449468, 0.573453, -1.022921
0.089100, 0.423648, 0.616166, -1.039813
0.089200, 0.392910, 0.661010, -1.053920
0.089300, 0.357219, 0.707236, -1.064455
0.089400, 0.316712, 0.754002, -1.070714
0.089500, 0.271695, 0.800411, -1.072107
0.089600, 0.222637, 0.845542, -1.068179
0.089700, 0.170153, 0.888484, -1.058636
0.089800, 0.114981, 0.928370, -1.043351
0.089900, 0.057961, 0.964412, -1.022374
0.090000, 0.000000, 0.995929, -0.995929
0.090100, -0.057961, 1.022374, -0.964412
0.090200, -0.114981, 1.043351, -0.928370
0.090300, -0.170153, 1.058636, -0.888484
0.090400, -0.222637, 1.068179, -0.845542
0.090500, -0.271695, 1.072107, -0.800411
0.090600, -0.316712, 1.070714, -0.754002
0.090700, -0.357219, 1.064455, -0.707236
0.090800, -0.392910, 1.053920, -0.661010
0.090900, -0.423648, 1.039813, -0.616166
0.091000, -0.449468, 1.022921, -0.573453
0.091100, -0.470572, 1.004084, -0.533512
0.091200, -0.487318, 0.984162, -0.496844
0.091300, -0.500198, 0.963999, -0.463801
0.091400, -0.509821, 0.944394, -0.434573
0.091500, -0.516879, 0.926069, -0.409189
0.091600, -0.522126, 0.909643, -0.387517
0.091700, -0.526336, 0.895616, -0.369279
0.091800, -0.530280, 0.884344, -0.354064
0.091900, -0.534690, 0.876039, -0.341349
0.092000, -0.540232, 0.870762, -0.330530
0.092100, -0.547486, 0.868426, -0.320940
0.092200, -0.556917, 0.868805, -0.311889
0.092300, -0.568869, 0.871554, -0.302685
0.092400, -0.583552, 0.876220, -0.292668
0.092500, -0.601041, 0.882274, -0.281233
0.092600, -0.621276, 0.889130, -0.267854
0.092700, -0.644074, 0.896174, -0.252101
0.092800, -0.669141, 0.902794, -0.233653
0.092900, -0.696092, 0.908400, -0.212309
0.093000, -0.724468, 0.912453, -0.187985
0.093100, -0.753764, 0.914479, -0.160715
0.093200, -0.783450, 0.914091, -0.130642
0.093300, -0.812995, 0.910996, -0.098001
0.093400, -0.841894, 0.905002, -0.063108
0.093500, -0.869680, 0.896018, -0.026338
0.093600, -0.895950, 0.884055, 0.011895
0.093700, -0.920370, 0.869208, 0.051162
0.093800, -0.942690, 0.851654, 0.091036
0.093900, -0.962743, 0.831628, 0.131115
0.094000, -0.980446, 0.809411, 0.171035
0.094100, -0.995795, 0.785307, 0.210487
0.094200, -1.008854, 0.759628, 0.249226
0.094300, -1.019745, 0.732674, 0.287072
0.094400, -1.028631, 0.704715, 0.323917
0.094500, -1.035699, 0.675981, 0.359718
0.094600, -1.041145, 0.646654, 0.394491
0.094700, -1.045155, 0.616855, 0.428300
0.094800, -1.047891, 0.586649, 0.461242
0.094900, -1.049480, 0.556044, 0.493436
0.095000, -1.050000, 0.525000, 0.525000
0.095100, -1.049480, 0.493436, 0.556044
0.095200, -1.047891, 0.461242, 0.586649
0.095300, -1.045155, 0.428300, 0.616855
0.095400, -1.041145, 0.394491, 0.646654
0.095500, -1.035699, 0.359718, 0.675981
0.095600, -1.028631, 0.323917, 0.704715
0.095700, -1.019745, 0.287072, 0.732674
0.095800, -1.008854, 0.249226, 0.759628
0.095900, -0.995795, 0.210487, 0.785307
0.096000, -0.980446, 0.171035, 0.809411
0.096100, -0.962743, 0.131115, 0.831628
0.096200, -0.942690, 0.091036, 0.851654
0.096300, -0.920370, 0.051162, 0.869208
0.096400, -0.895950, 0.011895, 0.884055
0.096500, -0.869680, -0.026338, 0.896018
0.096600, -0.841894, -0.063108, 0.905002
0.096700, -0.812995, -0.098001, 0.910996
0.096800, -0.783450, -0.130642, 0.914091
0.096900, -0.753764, -0.160715, 0.914479
0.097000, -0.724468, -0.187985, 0.912453
0.097100, -0.696092, -0.212309, 0.908400
0.097200, -0.669141, -0.233653, 0.902794
0.097300, -0.644074, -0.252101, 0.896174
0.097400, -0.621276, -0.267854, 0.889130
0.097500, -0.601041, -0.281233, 0.882274
0.097600, -0.583552, -0.292668, 0.876220
0.097700, -0.568869, -0.302685, 0.871554
0.097800, -0.556917, -0.311889, 0.868805
0.097900, -0.547486, -0.320940, 0.868426
0.098000, -0.540232, -0.330530, 0.870762
0.098100, -0.534690, -0.341349, 0.876039
0.098200, -0.530280, -0.354064, 0.884344
0.098300, -0.526336, -0.369279, 0.895616
0.098400, -0.522126, -0.387517, 0.909643
0.098500, -0.516879, -0.409189, 0.926069
0.098600, -0.509821, -0.434573, 0.944394
0.098700, -0.500198, -0.463801, 0.963999
0.098800, -0.487318, -0.496844, 0.984162
0.098900, -0.470572, -0.533512, 1.004084
0.099000, -0.449468, -0.573453, 1.022921
0.099100, -0.423648, -0.616166, 1.039813
0.099200, -0.392910, -0.661010, 1.053920
0.099300, -0.357219, -0.707236, 1.064455
0.099400, -0.316712, -0.754002, 1.070714
0.099500, -0.271695, -0.800411, 1.072107
0.099600, -0.222637, -0.845542, 1.068179
0.099700, -0.170153, -0.888484, 1.058636
0.099800, -0.114981, -0.928370, 1.043351
0.099900, -0.057961, -0.964412, 1.022374
